PERMITTEDLABELS <- c(1,1.5,2,2.5,3,5)
PERMITTEDSTEPS <- c(4,5,6,7)

CITYCOORD = list ('Sydney' = c(151.209, -33.8688),
                  'Melbourne' = c(144.9631, -37.8136),
                  'Brisbane' = c(153.0251, -27.4698),
                  'Perth' = c(115.8605, -31.9505),
                  'Adelaide' = c(138.6007, -34.9285),
                  'Hobart' = c(147.3272, -42.8821),
                  'Canberra' = c(149.1300, -35.2809),
                  'Darwin' = c(130.8456, -12.4634))

CORRESPONDENCETOLERANCE <- 1E-5
